0	2.2	2.71	3.8
1	2	2.86	3.57
2	2.5	2.8	3.55
3	2	2.84	3.64
4	2.1	3	3.71
5	2.16	2.92	3.54
6	2.03	2.98	3.53
7	2.9	3.02	3.58
8	2.94	3.03	3.53
9	2.83	3.01	3.69
10	2.93	3.02	3.72
11	2.88	3.02	3.72
12	2.85	3.02	3.69
13	2.95	3.02	3.64
14	2.95	3.02	3.58
15	2.6	3.04	3.6
16	2.74	3.05	3.58
17	2.75	3.09	3.6
18	2.62	3.05	3.59
19	2.32	3.06	3.59
20	2.48	3.08	3.76
21	2.49	3.1	3.67
22	2.47	3.13	3.55
23	2.19	3.22	3.58
24	2.28	3.21	3.62
25	2.3	3.17	3.61
26	2.32	3.26	3.6
27	2.5	3.26	3.64
28	2.47	3.26	3.65
29	2.51	3.26	3.85
30	2.55	3.25	3.7
31	2.5	3.21	3.77
32	2.43	3.24	3.65
33	2.37	3.29	3.67
34	2.18	3.07	3.65
35	2.18	3.11	3.71
36	2.17	3.1	3.72
37	2.16	3.11	3.62
38	2.29	3.23	3.66
39	2.23	3.28	3.61
40	2.27	3.28	3.67
41	2.34	3.2	3.78
42	2.88	3.15	3.67
43	3.06	3.21	3.66
44	3.07	3.15	3.65
45	3.25	3.14	3.66
46	3.31	3.17	3.75
47	3.34	3.22	3.92
48	3.34	3.4	3.85
49	3.3	3.47	3.84
50	3.33	3.55	3.88
51	3.32	3.59	3.68
52	3.29	3.62	3.79
53	3.15	3.68	3.62
54	3.16	3.91	3.66
55	3.24	3.94	3.77
56	3.27	4.12	3.88
57	3.34	4.35	3.98
58	3.37	4.45	4.03
59	3.45	4.77	4.09
60	3.49	4.94	4.14
61	3.61	5.23	4.19
62	3.68	5.6	4.15
63	3.79	6.11	4.33
64	3.9	6.44	4.3
65	4.04	7.05	4.59
66	4.17	7.76	4.64
67	4.29	8.44	4.72
68	4.41	8.82	4.79
69	4.55	9.89	4.86
70	4.74	10.85	4.88
71	4.9	11.83	5.14
72	5.12	13.16	5.43
73	5.28	14.47	5.64
74	5.54	15.96	5.95
75	5.88	17.16	6.23
76	6.08	18.62	6.6
77	6.36	19.98	6.88
78	6.64	21.79	7.32
79	6.97	23.17	7.63
80	7.37	24.95	7.91
81	7.68	27	8.21
82	8.14	28.52	8.46
83	8.45	30	8.99
84	8.876	33.54	9.64
85	9.48	36.3	10.29
86	9.88	38.01	10.87
87	10.28	41.77	11.68
88	10.77	46.51	12.26
89	11.08	51.34	12.82
90	11.41	54.2	13.45
91	12.25	60.57	14.26
92	12.55	64.69	14.98
93	13.18	67.46	15.59
94	13.78	72.73	15.97
95	14.45	77.58	16.92
96	15.2	84.03	18.07
97	15.64	88.7	19.04
98	15.74	94.58	19.89
99	16.69	101.7	21.03
100	17.44	105.9	22.4
101	18.13	113	23.35
102	19.05	120.6	25.01
103	19.76	128.2	26.06
104	20.78	135.2	27.28
105	21.61	143.2	28.27
106	22.48	153.5	29.49
107	23.09	158.7	31.46
108	24.23	164.3	32.43
109	25.11	178.8	34.07
110	25.43	189.4	35.7
111	26.32	198.9	37.11
112	27.12	213.2	38.36
113	27.86	226.8	32.63
114	29.62	239.7	38.97
115	28.61	255.2	42.42
116	31.3	268.9	43.81
117	30.39	286	46.22
118	32.3	300.9	49.44
119	33.38	317.4	49.54
120	35.87	335.8	52.87
121	36.9	350.7	56.04
122	39.05	360	57.03
123	40.68	368.8	58.7
124	41.82	374.8	62.44
125	39.82	398.6	57.89
126	39.58	406	63.87
127	40.54	422.7	63.74
128	40.77	429.1	63.91
129	42.93	447.5	67.97
130	44.5	463	68.98
131	45.32	477.4	72.27
132	45.16	489	73.99
133	47.67	489	74.94
134	48.71	501.1	77.06
135	50.46	523.6	78.47
136	54.24	530.6	78.95
137	54.39	538.1	79.85
138	55.06	551.3	81.8
139	59.52	566.4	92.65
140	61.76	588.4	95.53
141	62.34	591.2	98.33
142	63.4	617	99.7
143	65.15	625.2	101.7
144	66.75	634.3	103.4
145	68.29	619.3	108
146	68.82	617.7	108.4
147	68.92	633.3	115.2
148	73.61	637.1	120
149	73.85	655.2	122.5
150	73.28	664.6	122
151	75.54	673.5	123.7
152	76.83	679.3	126.6
153	76.5	692.2	132.9
154	82.68	708.3	136
155	89.83	702.3	139.1
156	93.05	714	142
157	90.4	720.6	145.2
158	87.65	731.1	147
159	96.33	754.9	150.3
160	97.45	766.7	151.9
161	97.83	769	153.2
162	99.6	777.9	155.3
163	100.6	785.2	157.1
164	103.2	792	160.6
165	106.5	802.4	161.6
166	108.5	816.2	166.1
167	112.4	816.8	170.2
168	111	826.7	171.2
169	116.1	826.6	171.8
170	115	834.5	173.8
171	116.3	845.8	174.4
172	126.2	861.3	178.3
173	127.5	876.8	179.7
174	125.6	883.5	177.3
175	130.1	891.3	182.4
176	133.4	904	185
177	135.8	924.5	188.4
178	136.6	919.8	189.9
179	139.3	933	191.9
180	135.1	917	193.8
181	139.7	914.5	194.6
182	145.4	904	195.8
183	152.8	908.3	198.1
184	157.7	988.8	201.9
185	144.1	1001	200.9
186	161.7	1006	203.4
187	156.5	1009	201.2
188	149.4	1007	202
189	158.1	1018	198.9
190	132	1015	202.7
191	134.7	1006	205.1
192	157	1019	206.7
193	164.8	1005	206.4
194	166.6	1006	205.9
195	163.4	1005	206
196	150.8	1018	207.4
197	168.7	1043	204
198	165.4	1053	201.2
199	169.1	1067	203.1
200	173.7	1081	226.4
201	176	1117	232.5
202	180.5	1123	220.2
203	185.6	1122	220.6
204	186.3	1136	223.6
205	190.8	1148	228.2
206	196.2	1164	230.7
207	197.4	1183	226.9
208	202.2	1179	232.1
209	203.5	1187	236.7
210	209.4	1199	238.4
211	211.9	1206	239.3
212	213.3	1224	241.3
213	217.7	1239	239.9
214	222.3	1251	239.9
215	225.7	1262	242.3
216	225.1	1272	243.4
217	230.3	1302	239.2
218	233.8	1310	237.7
219	236.9	1322	243.9
220	237.3	1339	247.2
221	243.5	1353	246.2
222	243.5	1362	246.3
223	241.9	1365	250.7
224	249.6	1387	253.1
225	254.8	1378	253.6
226	248.8	1377	263.2
227	253.4	1384	260.8
228	254.1	1429	271.5
229	256.6	1430	253.3
230	255.4	1445	256.1
231	263.9	1447	260.3
232	263.1	1436	260.7
233	267.9	1431	266.1
234	254.2	1427	268.8
235	266.2	1407	266.5
236	254.8	1414	265
237	263.7	1437	267.8
238	260.5	1445	266.8
239	234.6	1438	270.7
240	302.4	1433	275.5
241	306.3	1462	274.3
242	297.9	1476	272.9
243	300.8	1488	277.2
244	305.5	1407	272.1
245	305.5	1390	280.6
246	301.1	1407	278
247	308.1	1351	277
248	318.7	1357	279
249	317.3	1389	283.1
250	327.1	1401	283.5
251	328	1420	286.9
252	328.6	1413	286
253	319.1	1391	289.8
254	330.4	1425	288.9
255	325.1	1425	287.3
